0	0	0	0	0	0	0	0	0	0	0	0	0	0	0	0	0	0	0	0	0	0	0	0	0	0	0	0	0	0	0	0	0	0	0	0	0	0	0	0	0	0	0	0	0	0	0	0	0	0	0	0	0
0	9810	9808	9805	9801	9796	9790	9783	9775	9766	9756	9745	9733	9720	9706	9691	9675	9658	9640	9621	9601	9580	9558	9535	9511	9486	9460	9433	9405	9376	9346	9315	9283	9250	9216	9181	9145	9108	9070	9031	8991	8950	8908	8865	8821	8776	8730	8683	8635	8586	8536	8485	0
0	9809	9806	9802	9797	9791	9784	9776	9767	9757	9746	9734	9721	9707	9692	9676	9659	9641	9622	9602	9581	9559	9536	9512	9487	9461	9434	9406	9377	9347	9316	9284	9251	9217	9182	9146	9109	9071	9032	8992	8951	8909	8866	8822	8777	8731	8684	8636	8587	8537	8486	8434	0
0	9807	9803	9798	9792	9785	9777	9768	9758	9747	9735	9722	9708	9693	9677	9660	9642	9623	9603	9582	9560	9537	9513	9488	9462	9435	9407	9378	9348	9317	9285	9252	9218	9183	9147	9110	9072	9033	8993	8952	8910	8867	8823	8778	8732	8685	8637	8588	8538	8487	8435	8383	0
0	9804	9799	9793	9786	9778	9769	9759	9748	9736	9723	9709	9694	9678	9661	9643	9624	9604	9583	9561	9538	9514	9489	9463	9436	9408	9379	9349	9318	9286	9253	9219	9184	9148	9111	9073	9034	8994	8953	8911	8868	8824	8779	8733	8686	8638	8589	8539	8488	8436	8384	8332	0
0	9800	9794	9787	9779	9770	9760	9749	9737	9724	9710	9695	9679	9662	9644	9625	9605	9584	9562	9539	9515	9490	9464	9437	9409	9380	9350	9319	9287	9254	9220	9185	9149	9112	9074	9035	8995	8954	8912	8869	8825	8780	8734	8687	8639	8590	8540	8489	8437	8385	8333	8281	0
0	9795	9788	9780	9771	9761	9750	9738	9725	9711	9696	9680	9663	9645	9626	9606	9585	9563	9540	9516	9491	9465	9438	9410	9381	9351	9320	9288	9255	9221	9186	9150	9113	9075	9036	8996	8955	8913	8870	8826	8781	8735	8688	8640	8591	8541	8490	8438	8386	8334	8282	8230	0
0	9789	9781	9772	9762	9751	9739	9726	9712	9697	9681	9664	9646	9627	9607	9586	9564	9541	9517	9492	9466	9439	9411	9382	9352	9321	9289	9256	9222	9187	9151	9114	9076	9037	8997	8956	8914	8871	8827	8782	8736	8689	8641	8592	8542	8491	8439	8387	8335	8283	8231	8179	0
0	9782	9773	9763	9752	9740	9727	9713	9698	9682	9665	9647	9628	9608	9587	9565	9542	9518	9493	9467	9440	9412	9383	9353	9322	9290	9257	9223	9188	9152	9115	9077	9038	8998	8957	8915	8872	8828	8783	8737	8690	8642	8593	8543	8492	8440	8388	8336	8284	8232	8180	8128	0
0	9774	9764	9753	9741	9728	9714	9699	9683	9666	9648	9629	9609	9588	9566	9543	9519	9494	9468	9441	9413	9384	9354	9323	9291	9258	9224	9189	9153	9116	9078	9039	8999	8958	8916	8873	8829	8784	8738	8691	8643	8594	8544	8493	8441	8389	8337	8285	8233	8181	8129	8077	0
0	9765	9754	9742	9729	9715	9700	9684	9667	9649	9630	9610	9589	9567	9544	9520	9495	9469	9442	9414	9385	9355	9324	9292	9259	9225	9190	9154	9117	9079	9040	9000	8959	8917	8874	8830	8785	8739	8692	8644	8595	8545	8494	8442	8390	8338	8286	8234	8182	8130	8078	8026	0
0	9755	9743	9730	9716	9701	9685	9668	9650	9631	9611	9590	9568	9545	9521	9496	9470	9443	9415	9386	9356	9325	9293	9260	9226	9191	9155	9118	9080	9041	9001	8960	8918	8875	8831	8786	8740	8693	8645	8596	8546	8495	8443	8391	8339	8287	8235	8183	8131	8079	8027	7975	0
0	9744	9731	9717	9702	9686	9669	9651	9632	9612	9591	9569	9546	9522	9497	9471	9444	9416	9387	9357	9326	9294	9261	9227	9192	9156	9119	9081	9042	9002	8961	8919	8876	8832	8787	8741	8694	8646	8597	8547	8496	8444	8392	8340	8288	8236	8184	8132	8080	8028	7976	7924	0
0	9732	9718	9703	9687	9670	9652	9633	9613	9592	9570	9547	9523	9498	9472	9445	9417	9388	9358	9327	9295	9262	9228	9193	9157	9120	9082	9043	9003	8962	8920	8877	8833	8788	8742	8695	8647	8598	8548	8497	8445	8393	8341	8289	8237	8185	8133	8081	8029	7977	7925	7873	0
0	9719	9704	9688	9671	9653	9634	9614	9593	9571	9548	9524	9499	9473	9446	9418	9389	9359	9328	9296	9263	9229	9194	9158	9121	9083	9044	9004	8963	8921	8878	8834	8789	8743	8696	8648	8599	8549	8498	8446	8394	8342	8290	8238	8186	8134	8082	8030	7978	7926	7874	7822	0
0	9705	9689	9672	9654	9635	9615	9594	9572	9549	9525	9500	9474	9447	9419	9390	9360	9329	9297	9264	9230	9195	9159	9122	9084	9045	9005	8964	8922	8879	8835	8790	8744	8697	8649	8600	8550	8499	8447	8395	8343	8291	8239	8187	8135	8083	8031	7979	7927	7875	7823	7771	0
0	9690	9673	9655	9636	9616	9595	9573	9550	9526	9501	9475	9448	9420	9391	9361	9330	9298	9265	9231	9196	9160	9123	9085	9046	9006	8965	8923	8880	8836	8791	8745	8698	8650	8601	8551	8500	8448	8396	8344	8292	8240	8188	8136	8084	8032	7980	7928	7876	7824	7772	7720	0
0	9674	9656	9637	9617	9596	9574	9551	9527	9502	9476	9449	9421	9392	9362	9331	9299	9266	9232	9197	9161	9124	9086	9047	9007	8966	8924	8881	8837	8792	8746	8699	8651	8602	8552	8501	8449	8397	8345	8293	8241	8189	8137	8085	8033	7981	7929	7877	7825	7773	7721	7669	0
0	9657	9638	9618	9597	9575	9552	9528	9503	9477	9450	9422	9393	9363	9332	9300	9267	9233	9198	9162	9125	9087	9048	9008	8967	8925	8882	8838	8793	8747	8700	8652	8603	8553	8502	8450	8398	8346	8294	8242	8190	8138	8086	8034	7982	7930	7878	7826	7774	7722	7670	7618	0
0	9639	9619	9598	9576	9553	9529	9504	9478	9451	9423	9394	9364	9333	9301	9268	9234	9199	9163	9126	9088	9049	9009	8968	8926	8883	8839	8794	8748	8701	8653	8604	8554	8503	8451	8399	8347	8295	8243	8191	8139	8087	8035	7983	7931	7879	7827	7775	7723	7671	7619	7567	0
0	9620	9599	9577	9554	9530	9505	9479	9452	9424	9395	9365	9334	9302	9269	9235	9200	9164	9127	9089	9050	9010	8969	8927	8884	8840	8795	8749	8702	8654	8605	8555	8504	8452	8400	8348	8296	8244	8192	8140	8088	8036	7984	7932	7880	7828	7776	7724	7672	7620	7568	7516	0
0	9600	9578	9555	9531	9506	9480	9453	9425	9396	9366	9335	9303	9270	9236	9201	9165	9128	9090	9051	9011	8970	8928	8885	8841	8796	8750	8703	8655	8606	8556	8505	8453	8401	8349	8297	8245	8193	8141	8089	8037	7985	7933	7881	7829	7777	7725	7673	7621	7569	7517	7465	0
0	9579	9556	9532	9507	9481	9454	9426	9397	9367	9336	9304	9271	9237	9202	9166	9129	9091	9052	9012	8971	8929	8886	8842	8797	8751	8704	8656	8607	8557	8506	8454	8402	8350	8298	8246	8194	8142	8090	8038	7986	7934	7882	7830	7778	7726	7674	7622	7570	7518	7466	7414	0
0	9557	9533	9508	9482	9455	9427	9398	9368	9337	9305	9272	9238	9203	9167	9130	9092	9053	9013	8972	8930	8887	8843	8798	8752	8705	8657	8608	8558	8507	8455	8403	8351	8299	8247	8195	8143	8091	8039	7987	7935	7883	7831	7779	7727	7675	7623	7571	7519	7467	7415	7363	0
0	9534	9509	9483	9456	9428	9399	9369	9338	9306	9273	9239	9204	9168	9131	9093	9054	9014	8973	8931	8888	8844	8799	8753	8706	8658	8609	8559	8508	8456	8404	8352	8300	8248	8196	8144	8092	8040	7988	7936	7884	7832	7780	7728	7676	7624	7572	7520	7468	7416	7364	7312	0
0	9510	9484	9457	9429	9400	9370	9339	9307	9274	9240	9205	9169	9132	9094	9055	9015	8974	8932	8889	8845	8800	8754	8707	8659	8610	8560	8509	8457	8405	8353	8301	8249	8197	8145	8093	8041	7989	7937	7885	7833	7781	7729	7677	7625	7573	7521	7469	7417	7365	7313	7261	0
0	9485	9458	9430	9401	9371	9340	9308	9275	9241	9206	9170	9133	9095	9056	9016	8975	8933	8890	8846	8801	8755	8708	8660	8611	8561	8510	8458	8406	8354	8302	8250	8198	8146	8094	8042	7990	7938	7886	7834	7782	7730	7678	7626	7574	7522	7470	7418	7366	7314	7262	7210	0
0	9459	9431	9402	9372	9341	9309	9276	9242	9207	9171	9134	9096	9057	9017	8976	8934	8891	8847	8802	8756	8709	8661	8612	8562	8511	8459	8407	8355	8303	8251	8199	8147	8095	8043	7991	7939	7887	7835	7783	7731	7679	7627	7575	7523	7471	7419	7367	7315	7263	7211	7159	0
0	9432	9403	9373	9342	9310	9277	9243	9208	9172	9135	9097	9058	9018	8977	8935	8892	8848	8803	8757	8710	8662	8613	8563	8512	8460	8408	8356	8304	8252	8200	8148	8096	8044	7992	7940	7888	7836	7784	7732	7680	7628	7576	7524	7472	7420	7368	7316	7264	7212	7160	7108	0
0	9404	9374	9343	9311	9278	9244	9209	9173	9136	9098	9059	9019	8978	8936	8893	8849	8804	8758	8711	8663	8614	8564	8513	8461	8409	8357	8305	8253	8201	8149	8097	8045	7993	7941	7889	7837	7785	7733	7681	7629	7577	7525	7473	7421	7369	7317	7265	7213	7161	7109	7057	0
0	9375	9344	9312	9279	9245	9210	9174	9137	9099	9060	9020	8979	8937	8894	8850	8805	8759	8712	8664	8615	8565	8514	8462	8410	8358	8306	8254	8202	8150	8098	8046	7994	7942	7890	7838	7786	7734	7682	7630	7578	7526	7474	7422	7370	7318	7266	7214	7162	7110	7058	7006	0
0	9345	9313	9280	9246	9211	9175	9138	9100	9061	9021	8980	8938	8895	8851	8806	8760	8713	8665	8616	8566	8515	8463	8411	8359	8307	8255	8203	8151	8099	8047	7995	7943	7891	7839	7787	7735	7683	7631	7579	7527	7475	7423	7371	7319	7267	7215	7163	7111	7059	7007	6955	0
0	9314	9281	9247	9212	9176	9139	9101	9062	9022	8981	8939	8896	8852	8807	8761	8714	8666	8617	8567	8516	8464	8412	8360	8308	8256	8204	8152	8100	8048	7996	7944	7892	7840	7788	7736	7684	7632	7580	7528	7476	7424	7372	7320	7268	7216	7164	7112	7060	7008	6956	6904	0
0	9282	9248	9213	9177	9140	9102	9063	9023	8982	8940	8897	8853	8808	8762	8715	8667	8618	8568	8517	8465	8413	8361	8309	8257	8205	8153	8101	8049	7997	7945	7893	7841	7789	7737	7685	7633	7581	7529	7477	7425	7373	7321	7269	7217	7165	7113	7061	7009	6957	6905	6853	0
0	9249	9214	9178	9141	9103	9064	9024	8983	8941	8898	8854	8809	8763	8716	8668	8619	8569	8518	8466	8414	8362	8310	8258	8206	8154	8102	8050	7998	7946	7894	7842	7790	7738	7686	7634	7582	7530	7478	7426	7374	7322	7270	7218	7166	7114	7062	7010	6958	6906	6854	6802	0
0	9215	9179	9142	9104	9065	9025	8984	8942	8899	8855	8810	8764	8717	8669	8620	8570	8519	8467	8415	8363	8311	8259	8207	8155	8103	8051	7999	7947	7895	7843	7791	7739	7687	7635	7583	7531	7479	7427	7375	7323	7271	7219	7167	7115	7063	7011	6959	6907	6855	6803	6751	0
0	9180	9143	9105	9066	9026	8985	8943	8900	8856	8811	8765	8718	8670	8621	8571	8520	8468	8416	8364	8312	8260	8208	8156	8104	8052	8000	7948	7896	7844	7792	7740	7688	7636	7584	7532	7480	7428	7376	7324	7272	7220	7168	7116	7064	7012	6960	6908	6856	6804	6752	6700	0
0	9144	9106	9067	9027	8986	8944	8901	8857	8812	8766	8719	8671	8622	8572	8521	8469	8417	8365	8313	8261	8209	8157	8105	8053	8001	7949	7897	7845	7793	7741	7689	7637	7585	7533	7481	7429	7377	7325	7273	7221	7169	7117	7065	7013	6961	6909	6857	6805	6753	6701	6649	0
0	9107	9068	9028	8987	8945	8902	8858	8813	8767	8720	8672	8623	8573	8522	8470	8418	8366	8314	8262	8210	8158	8106	8054	8002	7950	7898	7846	7794	7742	7690	7638	7586	7534	7482	7430	7378	7326	7274	7222	7170	7118	7066	7014	6962	6910	6858	6806	6754	6702	6650	6598	0
0	9069	9029	8988	8946	8903	8859	8814	8768	8721	8673	8624	8574	8523	8471	8419	8367	8315	8263	8211	8159	8107	8055	8003	7951	7899	7847	7795	7743	7691	7639	7587	7535	7483	7431	7379	7327	7275	7223	7171	7119	7067	7015	6963	6911	6859	6807	6755	6703	6651	6599	6547	0
0	9030	8989	8947	8904	8860	8815	8769	8722	8674	8625	8575	8524	8472	8420	8368	8316	8264	8212	8160	8108	8056	8004	7952	7900	7848	7796	7744	7692	7640	7588	7536	7484	7432	7380	7328	7276	7224	7172	7120	7068	7016	6964	6912	6860	6808	6756	6704	6652	6600	6548	6496	0
0	8990	8948	8905	8861	8816	8770	8723	8675	8626	8576	8525	8473	8421	8369	8317	8265	8213	8161	8109	8057	8005	7953	7901	7849	7797	7745	7693	7641	7589	7537	7485	7433	7381	7329	7277	7225	7173	7121	7069	7017	6965	6913	6861	6809	6757	6705	6653	6601	6549	6497	6445	0
0	8949	8906	8862	8817	8771	8724	8676	8627	8577	8526	8474	8422	8370	8318	8266	8214	8162	8110	8058	8006	7954	7902	7850	7798	7746	7694	7642	7590	7538	7486	7434	7382	7330	7278	7226	7174	7122	7070	7018	6966	6914	6862	6810	6758	6706	6654	6602	6550	6498	6446	6394	0
0	8907	8863	8818	8772	8725	8677	8628	8578	8527	8475	8423	8371	8319	8267	8215	8163	8111	8059	8007	7955	7903	7851	7799	7747	7695	7643	7591	7539	7487	7435	7383	7331	7279	7227	7175	7123	7071	7019	6967	6915	6863	6811	6759	6707	6655	6603	6551	6499	6447	6395	6343	0
0	8864	8819	8773	8726	8678	8629	8579	8528	8476	8424	8372	8320	8268	8216	8164	8112	8060	8008	7956	7904	7852	7800	7748	7696	7644	7592	7540	7488	7436	7384	7332	7280	7228	7176	7124	7072	7020	6968	6916	6864	6812	6760	6708	6656	6604	6552	6500	6448	6396	6344	6292	0
0	8820	8774	8727	8679	8630	8580	8529	8477	8425	8373	8321	8269	8217	8165	8113	8061	8009	7957	7905	7853	7801	7749	7697	7645	7593	7541	7489	7437	7385	7333	7281	7229	7177	7125	7073	7021	6969	6917	6865	6813	6761	6709	6657	6605	6553	6501	6449	6397	6345	6293	6241	0
0	8775	8728	8680	8631	8581	8530	8478	8426	8374	8322	8270	8218	8166	8114	8062	8010	7958	7906	7854	7802	7750	7698	7646	7594	7542	7490	7438	7386	7334	7282	7230	7178	7126	7074	7022	6970	6918	6866	6814	6762	6710	6658	6606	6554	6502	6450	6398	6346	6294	6242	6190	0
0	8729	8681	8632	8582	8531	8479	8427	8375	8323	8271	8219	8167	8115	8063	8011	7959	7907	7855	7803	7751	7699	7647	7595	7543	7491	7439	7387	7335	7283	7231	7179	7127	7075	7023	6971	6919	6867	6815	6763	6711	6659	6607	6555	6503	6451	6399	6347	6295	6243	6191	6139	0
0	8682	8633	8583	8532	8480	8428	8376	8324	8272	8220	8168	8116	8064	8012	7960	7908	7856	7804	7752	7700	7648	7596	7544	7492	7440	7388	7336	7284	7232	7180	7128	7076	7024	6972	6920	6868	6816	6764	6712	6660	6608	6556	6504	6452	6400	6348	6296	6244	6192	6140	6088	0
0	8634	8584	8533	8481	8429	8377	8325	8273	8221	8169	8117	8065	8013	7961	7909	7857	7805	7753	7701	7649	7597	7545	7493	7441	7389	7337	7285	7233	7181	7129	7077	7025	6973	6921	6869	6817	6765	6713	6661	6609	6557	6505	6453	6401	6349	6297	6245	6193	6141	6089	6037	0
0	8585	8534	8482	8430	8378	8326	8274	8222	8170	8118	8066	8014	7962	7910	7858	7806	7754	7702	7650	7598	7546	7494	7442	7390	7338	7286	7234	7182	7130	7078	7026	6974	6922	6870	6818	6766	6714	6662	6610	6558	6506	6454	6402	6350	6298	6246	6194	6142	6090	6038	5986	0
0	8535	8483	8431	8379	8327	8275	8223	8171	8119	8067	8015	7963	7911	7859	7807	7755	7703	7651	7599	7547	7495	7443	7391	7339	7287	7235	7183	7131	7079	7027	6975	6923	6871	6819	6767	6715	6663	6611	6559	6507	6455	6403	6351	6299	6247	6195	6143	6091	6039	5987	5935	0
0	8484	8432	8380	8328	8276	8224	8172	8120	8068	8016	7964	7912	7860	7808	7756	7704	7652	7600	7548	7496	7444	7392	7340	7288	7236	7184	7132	7080	7028	6976	6924	6872	6820	6768	6716	6664	6612	6560	6508	6456	6404	6352	6300	6248	6196	6144	6092	6040	5988	5936	5884	0
0	8433	8381	8329	8277	8225	8173	8121	8069	8017	7965	7913	7861	7809	7757	7705	7653	7601	7549	7497	7445	7393	7341	7289	7237	7185	7133	7081	7029	6977	6925	6873	6821	6769	6717	6665	6613	6561	6509	6457	6405	6353	6301	6249	6197	6145	6093	6041	5989	5937	5885	5833	0
0	8382	8330	8278	8226	8174	8122	8070	8018	7966	7914	7862	7810	7758	7706	7654	7602	7550	7498	7446	7394	7342	7290	7238	7186	7134	7082	7030	6978	6926	6874	6822	6770	6718	6666	6614	6562	6510	6458	6406	6354	6302	6250	6198	6146	6094	6042	5990	5938	5886	5834	5782	0
0	8331	8279	8227	8175	8123	8071	8019	7967	7915	7863	7811	7759	7707	7655	7603	7551	7499	7447	7395	7343	7291	7239	7187	7135	7083	7031	6979	6927	6875	6823	6771	6719	6667	6615	6563	6511	6459	6407	6355	6303	6251	6199	6147	6095	6043	5991	5939	5887	5835	5783	5731	0
0	8280	8228	8176	8124	8072	8020	7968	7916	7864	7812	7760	7708	7656	7604	7552	7500	7448	7396	7344	7292	7240	7188	7136	7084	7032	6980	6928	6876	6824	6772	6720	6668	6616	6564	6512	6460	6408	6356	6304	6252	6200	6148	6096	6044	5992	5940	5888	5836	5784	5732	5681	0
0	8229	8177	8125	8073	8021	7969	7917	7865	7813	7761	7709	7657	7605	7553	7501	7449	7397	7345	7293	7241	7189	7137	7085	7033	6981	6929	6877	6825	6773	6721	6669	6617	6565	6513	6461	6409	6357	6305	6253	6201	6149	6097	6045	5993	5941	5889	5837	5785	5733	5682	5632	0
0	8178	8126	8074	8022	7970	7918	7866	7814	7762	7710	7658	7606	7554	7502	7450	7398	7346	7294	7242	7190	7138	7086	7034	6982	6930	6878	6826	6774	6722	6670	6618	6566	6514	6462	6410	6358	6306	6254	6202	6150	6098	6046	5994	5942	5890	5838	5786	5734	5683	5633	5584	0
0	8127	8075	8023	7971	7919	7867	7815	7763	7711	7659	7607	7555	7503	7451	7399	7347	7295	7243	7191	7139	7087	7035	6983	6931	6879	6827	6775	6723	6671	6619	6567	6515	6463	6411	6359	6307	6255	6203	6151	6099	6047	5995	5943	5891	5839	5787	5735	5684	5634	5585	5537	0
0	8076	8024	7972	7920	7868	7816	7764	7712	7660	7608	7556	7504	7452	7400	7348	7296	7244	7192	7140	7088	7036	6984	6932	6880	6828	6776	6724	6672	6620	6568	6516	6464	6412	6360	6308	6256	6204	6152	6100	6048	5996	5944	5892	5840	5788	5736	5685	5635	5586	5538	5491	0
0	8025	7973	7921	7869	7817	7765	7713	7661	7609	7557	7505	7453	7401	7349	7297	7245	7193	7141	7089	7037	6985	6933	6881	6829	6777	6725	6673	6621	6569	6517	6465	6413	6361	6309	6257	6205	6153	6101	6049	5997	5945	5893	5841	5789	5737	5686	5636	5587	5539	5492	5446	0
0	7974	7922	7870	7818	7766	7714	7662	7610	7558	7506	7454	7402	7350	7298	7246	7194	7142	7090	7038	6986	6934	6882	6830	6778	6726	6674	6622	6570	6518	6466	6414	6362	6310	6258	6206	6154	6102	6050	5998	5946	5894	5842	5790	5738	5687	5637	5588	5540	5493	5447	5402	0
0	7923	7871	7819	7767	7715	7663	7611	7559	7507	7455	7403	7351	7299	7247	7195	7143	7091	7039	6987	6935	6883	6831	6779	6727	6675	6623	6571	6519	6467	6415	6363	6311	6259	6207	6155	6103	6051	5999	5947	5895	5843	5791	5739	5688	5638	5589	5541	5494	5448	5403	5359	0
0	7872	7820	7768	7716	7664	7612	7560	7508	7456	7404	7352	7300	7248	7196	7144	7092	7040	6988	6936	6884	6832	6780	6728	6676	6624	6572	6520	6468	6416	6364	6312	6260	6208	6156	6104	6052	6000	5948	5896	5844	5792	5740	5689	5639	5590	5542	5495	5449	5404	5360	5317	0
0	7821	7769	7717	7665	7613	7561	7509	7457	7405	7353	7301	7249	7197	7145	7093	7041	6989	6937	6885	6833	6781	6729	6677	6625	6573	6521	6469	6417	6365	6313	6261	6209	6157	6105	6053	6001	5949	5897	5845	5793	5741	5690	5640	5591	5543	5496	5450	5405	5361	5318	5276	0
0	7770	7718	7666	7614	7562	7510	7458	7406	7354	7302	7250	7198	7146	7094	7042	6990	6938	6886	6834	6782	6730	6678	6626	6574	6522	6470	6418	6366	6314	6262	6210	6158	6106	6054	6002	5950	5898	5846	5794	5742	5691	5641	5592	5544	5497	5451	5406	5362	5319	5277	5236	0
0	7719	7667	7615	7563	7511	7459	7407	7355	7303	7251	7199	7147	7095	7043	6991	6939	6887	6835	6783	6731	6679	6627	6575	6523	6471	6419	6367	6315	6263	6211	6159	6107	6055	6003	5951	5899	5847	5795	5743	5692	5642	5593	5545	5498	5452	5407	5363	5320	5278	5237	5197	0
0	7668	7616	7564	7512	7460	7408	7356	7304	7252	7200	7148	7096	7044	6992	6940	6888	6836	6784	6732	6680	6628	6576	6524	6472	6420	6368	6316	6264	6212	6160	6108	6056	6004	5952	5900	5848	5796	5744	5693	5643	5594	5546	5499	5453	5408	5364	5321	5279	5238	5198	5159	0
0	7617	7565	7513	7461	7409	7357	7305	7253	7201	7149	7097	7045	6993	6941	6889	6837	6785	6733	6681	6629	6577	6525	6473	6421	6369	6317	6265	6213	6161	6109	6057	6005	5953	5901	5849	5797	5745	5694	5644	5595	5547	5500	5454	5409	5365	5322	5280	5239	5199	5160	5122	0
0	7566	7514	7462	7410	7358	7306	7254	7202	7150	7098	7046	6994	6942	6890	6838	6786	6734	6682	6630	6578	6526	6474	6422	6370	6318	6266	6214	6162	6110	6058	6006	5954	5902	5850	5798	5746	5695	5645	5596	5548	5501	5455	5410	5366	5323	5281	5240	5200	5161	5123	5086	0
0	7515	7463	7411	7359	7307	7255	7203	7151	7099	7047	6995	6943	6891	6839	6787	6735	6683	6631	6579	6527	6475	6423	6371	6319	6267	6215	6163	6111	6059	6007	5955	5903	5851	5799	5747	5696	5646	5597	5549	5502	5456	5411	5367	5324	5282	5241	5201	5162	5124	5087	5051	0
0	7464	7412	7360	7308	7256	7204	7152	7100	7048	6996	6944	6892	6840	6788	6736	6684	6632	6580	6528	6476	6424	6372	6320	6268	6216	6164	6112	6060	6008	5956	5904	5852	5800	5748	5697	5647	5598	5550	5503	5457	5412	5368	5325	5283	5242	5202	5163	5125	5088	5052	5017	0
0	7413	7361	7309	7257	7205	7153	7101	7049	6997	6945	6893	6841	6789	6737	6685	6633	6581	6529	6477	6425	6373	6321	6269	6217	6165	6113	6061	6009	5957	5905	5853	5801	5749	5698	5648	5599	5551	5504	5458	5413	5369	5326	5284	5243	5203	5164	5126	5089	5053	5018	4984	0
0	7362	7310	7258	7206	7154	7102	7050	6998	6946	6894	6842	6790	6738	6686	6634	6582	6530	6478	6426	6374	6322	6270	6218	6166	6114	6062	6010	5958	5906	5854	5802	5750	5699	5649	5600	5552	5505	5459	5414	5370	5327	5285	5244	5204	5165	5127	5090	5054	5019	4985	4952	0
0	7311	7259	7207	7155	7103	7051	6999	6947	6895	6843	6791	6739	6687	6635	6583	6531	6479	6427	6375	6323	6271	6219	6167	6115	6063	6011	5959	5907	5855	5803	5751	5700	5650	5601	5553	5506	5460	5415	5371	5328	5286	5245	5205	5166	5128	5091	5055	5020	4986	4953	4921	0
0	7260	7208	7156	7104	7052	7000	6948	6896	6844	6792	6740	6688	6636	6584	6532	6480	6428	6376	6324	6272	6220	6168	6116	6064	6012	5960	5908	5856	5804	5752	5701	5651	5602	5554	5507	5461	5416	5372	5329	5287	5246	5206	5167	5129	5092	5056	5021	4987	4954	4922	4891	0
0	7209	7157	7105	7053	7001	6949	6897	6845	6793	6741	6689	6637	6585	6533	6481	6429	6377	6325	6273	6221	6169	6117	6065	6013	5961	5909	5857	5805	5753	5702	5652	5603	5555	5508	5462	5417	5373	5330	5288	5247	5207	5168	5130	5093	5057	5022	4988	4955	4923	4892	4860	0
0	7158	7106	7054	7002	6950	6898	6846	6794	6742	6690	6638	6586	6534	6482	6430	6378	6326	6274	6222	6170	6118	6066	6014	5962	5910	5858	5806	5754	5703	5653	5604	5556	5509	5463	5418	5374	5331	5289	5248	5208	5169	5131	5094	5058	5023	4989	4956	4924	4893	4861	4828	0
0	7107	7055	7003	6951	6899	6847	6795	6743	6691	6639	6587	6535	6483	6431	6379	6327	6275	6223	6171	6119	6067	6015	5963	5911	5859	5807	5755	5704	5654	5605	5557	5510	5464	5419	5375	5332	5290	5249	5209	5170	5132	5095	5059	5024	4990	4957	4925	4894	4862	4829	4795	0
0	7056	7004	6952	6900	6848	6796	6744	6692	6640	6588	6536	6484	6432	6380	6328	6276	6224	6172	6120	6068	6016	5964	5912	5860	5808	5756	5705	5655	5606	5558	5511	5465	5420	5376	5333	5291	5250	5210	5171	5133	5096	5060	5025	4991	4958	4926	4895	4863	4830	4796	4761	0
0	7005	6953	6901	6849	6797	6745	6693	6641	6589	6537	6485	6433	6381	6329	6277	6225	6173	6121	6069	6017	5965	5913	5861	5809	5757	5706	5656	5607	5559	5512	5466	5421	5377	5334	5292	5251	5211	5172	5134	5097	5061	5026	4992	4959	4927	4896	4864	4831	4797	4762	4726	0
0	6954	6902	6850	6798	6746	6694	6642	6590	6538	6486	6434	6382	6330	6278	6226	6174	6122	6070	6018	5966	5914	5862	5810	5758	5707	5657	5608	5560	5513	5467	5422	5378	5335	5293	5252	5212	5173	5135	5098	5062	5027	4993	4960	4928	4897	4865	4832	4798	4763	4727	4690	0
0	6903	6851	6799	6747	6695	6643	6591	6539	6487	6435	6383	6331	6279	6227	6175	6123	6071	6019	5967	5915	5863	5811	5759	5708	5658	5609	5561	5514	5468	5423	5379	5336	5294	5253	5213	5174	5136	5099	5063	5028	4994	4961	4929	4898	4866	4833	4799	4764	4728	4691	4653	0
0	6852	6800	6748	6696	6644	6592	6540	6488	6436	6384	6332	6280	6228	6176	6124	6072	6020	5968	5916	5864	5812	5760	5709	5659	5610	5562	5515	5469	5424	5380	5337	5295	5254	5214	5175	5137	5100	5064	5029	4995	4962	4930	4899	4867	4834	4800	4765	4729	4692	4654	4615	0
0	6801	6749	6697	6645	6593	6541	6489	6437	6385	6333	6281	6229	6177	6125	6073	6021	5969	5917	5865	5813	5761	5710	5660	5611	5563	5516	5470	5425	5381	5338	5296	5255	5215	5176	5138	5101	5065	5030	4996	4963	4931	4900	4868	4835	4801	4766	4730	4693	4655	4616	4576	0
0	6750	6698	6646	6594	6542	6490	6438	6386	6334	6282	6230	6178	6126	6074	6022	5970	5918	5866	5814	5762	5711	5661	5612	5564	5517	5471	5426	5382	5339	5297	5256	5216	5177	5139	5102	5066	5031	4997	4964	4932	4901	4869	4836	4802	4767	4731	4694	4656	4617	4577	4536	0
0	6699	6647	6595	6543	6491	6439	6387	6335	6283	6231	6179	6127	6075	6023	5971	5919	5867	5815	5763	5712	5662	5613	5565	5518	5472	5427	5383	5340	5298	5257	5217	5178	5140	5103	5067	5032	4998	4965	4933	4902	4870	4837	4803	4768	4732	4695	4657	4618	4578	4537	4495	0
0	6648	6596	6544	6492	6440	6388	6336	6284	6232	6180	6128	6076	6024	5972	5920	5868	5816	5764	5713	5663	5614	5566	5519	5473	5428	5384	5341	5299	5258	5218	5179	5141	5104	5068	5033	4999	4966	4934	4903	4871	4838	4804	4769	4733	4696	4658	4619	4579	4538	4496	4453	0
0	6597	6545	6493	6441	6389	6337	6285	6233	6181	6129	6077	6025	5973	5921	5869	5817	5765	5714	5664	5615	5567	5520	5474	5429	5385	5342	5300	5259	5219	5180	5142	5105	5069	5034	5000	4967	4935	4904	4872	4839	4805	4770	4734	4697	4659	4620	4580	4539	4497	4454	4410	0
0	6546	6494	6442	6390	6338	6286	6234	6182	6130	6078	6026	5974	5922	5870	5818	5766	5715	5665	5616	5568	5521	5475	5430	5386	5343	5301	5260	5220	5181	5143	5106	5070	5035	5001	4968	4936	4905	4873	4840	4806	4771	4735	4698	4660	4621	4581	4540	4498	4455	4411	4366	0
0	6495	6443	6391	6339	6287	6235	6183	6131	6079	6027	5975	5923	5871	5819	5767	0	0	0	0	0	0	0	0	0	0	0	0	0	0	0	0	0	0	0	0	0	4874	4841	4807	4772	4736	4699	4661	4622	4582	4541	4499	4456	4412	4367	4321	0
0	6444	6392	6340	6288	6236	6184	6132	6080	6028	5976	5924	5872	5820	5768	5716	0	0	0	0	0	0	0	0	0	0	0	0	0	0	0	0	0	0	0	0	0	4842	4808	4773	4737	4700	4662	4623	4583	4542	4500	4457	4413	4368	4322	4275	0
0	6393	6341	6289	6237	6185	6133	6081	6029	5977	5925	5873	5821	5769	5717	5666	0	0	0	0	0	0	0	0	0	0	0	0	0	0	0	0	0	0	0	0	0	4809	4774	4738	4701	4663	4624	4584	4543	4501	4458	4414	4369	4323	4276	4228	0
0	6342	6290	6238	6186	6134	6082	6030	5978	5926	5874	5822	5770	5718	5667	5617	0	0	0	0	0	0	0	0	0	0	0	0	0	0	0	0	0	0	0	0	0	4775	4739	4702	4664	4625	4585	4544	4502	4459	4415	4370	4324	4277	4229	4180	0
0	6291	6239	6187	6135	6083	6031	5979	5927	5875	5823	5771	5719	5668	5618	5569	0	0	0	0	0	0	0	0	0	0	0	0	0	0	0	0	0	0	0	0	0	4740	4703	4665	4626	4586	4545	4503	4460	4416	4371	4325	4278	4230	4181	4131	0
0	6240	6188	6136	6084	6032	5980	5928	5876	5824	5772	5720	5669	5619	5570	5522	0	0	0	0	0	0	0	0	0	0	0	0	0	0	0	0	0	0	0	0	0	4704	4666	4627	4587	4546	4504	4461	4417	4372	4326	4279	4231	4182	4132	4081	0
0	6189	6137	6085	6033	5981	5929	5877	5825	5773	5721	5670	5620	5571	5523	5476	0	0	0	0	0	0	0	0	0	0	0	0	0	0	0	0	0	0	0	0	0	4667	4628	4588	4547	4505	4462	4418	4373	4327	4280	4232	4183	4133	4082	4030	0
0	6138	6086	6034	5982	5930	5878	5826	5774	5722	5671	5621	5572	5524	5477	5431	0	0	0	0	0	0	0	0	0	0	0	0	0	0	0	0	0	0	0	0	0	4629	4589	4548	4506	4463	4419	4374	4328	4281	4233	4184	4134	4083	4031	3979	0
0	6087	6035	5983	5931	5879	5827	5775	5723	5672	5622	5573	5525	5478	5432	5387	0	0	0	0	0	0	0	0	0	0	0	0	0	0	0	0	0	0	0	0	0	4590	4549	4507	4464	4420	4375	4329	4282	4234	4185	4135	4084	4032	3980	3928	0
0	6036	5984	5932	5880	5828	5776	5724	5673	5623	5574	5526	5479	5433	5388	5344	0	0	0	0	0	0	0	0	0	0	0	0	0	0	0	0	0	0	0	0	0	4550	4508	4465	4421	4376	4330	4283	4235	4186	4136	4085	4033	3981	3929	3877	0
0	5985	5933	5881	5829	5777	5725	5674	5624	5575	5527	5480	5434	5389	5345	5302	0	0	0	0	0	0	0	0	0	0	0	0	0	0	0	0	0	0	0	0	0	4509	4466	4422	4377	4331	4284	4236	4187	4137	4086	4034	3982	3930	3878	3826	0
0	5934	5882	5830	5778	5726	5675	5625	5576	5528	5481	5435	5390	5346	5303	5261	0	0	0	0	0	0	0	0	0	0	0	0	0	0	0	0	0	0	0	0	0	4467	4423	4378	4332	4285	4237	4188	4138	4087	4035	3983	3931	3879	3827	3775	0
0	5883	5831	5779	5727	5676	5626	5577	5529	5482	5436	5391	5347	5304	5262	5221	0	0	0	0	0	0	0	0	0	0	0	0	0	0	0	0	0	0	0	0	0	4424	4379	4333	4286	4238	4189	4139	4088	4036	3984	3932	3880	3828	3776	3724	0
0	5832	5780	5728	5677	5627	5578	5530	5483	5437	5392	5348	5305	5263	5222	5182	0	0	0	0	0	0	0	0	0	0	0	0	0	0	0	0	0	0	0	0	0	4380	4334	4287	4239	4190	4140	4089	4037	3985	3933	3881	3829	3777	3725	3673	0
0	5781	5729	5678	5628	5579	5531	5484	5438	5393	5349	5306	5264	5223	5183	5144	0	0	0	0	0	0	0	0	0	0	0	0	0	0	0	0	0	0	0	0	0	4335	4288	4240	4191	4141	4090	4038	3986	3934	3882	3830	3778	3726	3674	3622	0
0	5730	5679	5629	5580	5532	5485	5439	5394	5350	5307	5265	5224	5184	5145	5107	0	0	0	0	0	0	0	0	0	0	0	0	0	0	0	0	0	0	0	0	0	4289	4241	4192	4142	4091	4039	3987	3935	3883	3831	3779	3727	3675	3623	3571	0
0	5680	5630	5581	5533	5486	5440	5395	5351	5308	5266	5225	5185	5146	5108	5071	0	0	0	0	0	0	0	0	0	0	0	0	0	0	0	0	0	0	0	0	0	4242	4193	4143	4092	4040	3988	3936	3884	3832	3780	3728	3676	3624	3572	3520	0
0	5631	5582	5534	5487	5441	5396	5352	5309	5267	5226	5186	5147	5109	5072	5036	0	0	0	0	0	0	0	0	0	0	0	0	0	0	0	0	0	0	0	0	0	4194	4144	4093	4041	3989	3937	3885	3833	3781	3729	3677	3625	3573	3521	3469	0
0	5583	5535	5488	5442	5397	5353	5310	5268	5227	5187	5148	5110	5073	5037	5002	0	0	0	0	0	0	0	0	0	0	0	0	0	0	0	0	0	0	0	0	0	4145	4094	4042	3990	3938	3886	3834	3782	3730	3678	3626	3574	3522	3470	3418	0
0	5536	5489	5443	5398	5354	5311	5269	5228	5188	5149	5111	5074	5038	5003	4969	0	0	0	0	0	0	0	0	0	0	0	0	0	0	0	0	0	0	0	0	0	4095	4043	3991	3939	3887	3835	3783	3731	3679	3627	3575	3523	3471	3419	3367	0
0	5490	5444	5399	5355	5312	5270	5229	5189	5150	5112	5075	5039	5004	4970	4937	0	0	0	0	0	0	0	0	0	0	0	0	0	0	0	0	0	0	0	0	0	4044	3992	3940	3888	3836	3784	3732	3680	3628	3576	3524	3472	3420	3368	3316	0
0	5445	5400	5356	5313	5271	5230	5190	5151	5113	5076	5040	5005	4971	4938	4906	4875	4843	4810	4776	4741	4705	4668	4630	4591	4551	4510	4468	4425	4381	4336	4290	4243	4195	4146	4096	4045	3993	3941	3889	3837	3785	3733	3681	3629	3577	3525	3473	3421	3369	3317	3265	0
0	5401	5357	5314	5272	5231	5191	5152	5114	5077	5041	5006	4972	4939	4907	4876	4844	4811	4777	4742	4706	4669	4631	4592	4552	4511	4469	4426	4382	4337	4291	4244	4196	4147	4097	4046	3994	3942	3890	3838	3786	3734	3682	3630	3578	3526	3474	3422	3370	3318	3266	3214	0
0	5358	5315	5273	5232	5192	5153	5115	5078	5042	5007	4973	4940	4908	4877	4845	4812	4778	4743	4707	4670	4632	4593	4553	4512	4470	4427	4383	4338	4292	4245	4197	4148	4098	4047	3995	3943	3891	3839	3787	3735	3683	3631	3579	3527	3475	3423	3371	3319	3267	3215	3163	0
0	5316	5274	5233	5193	5154	5116	5079	5043	5008	4974	4941	4909	4878	4846	4813	4779	4744	4708	4671	4633	4594	4554	4513	4471	4428	4384	4339	4293	4246	4198	4149	4099	4048	3996	3944	3892	3840	3788	3736	3684	3632	3580	3528	3476	3424	3372	3320	3268	3216	3164	3112	0
0	5275	5234	5194	5155	5117	5080	5044	5009	4975	4942	4910	4879	4847	4814	4780	4745	4709	4672	4634	4595	4555	4514	4472	4429	4385	4340	4294	4247	4199	4150	4100	4049	3997	3945	3893	3841	3789	3737	3685	3633	3581	3529	3477	3425	3373	3321	3269	3217	3165	3113	3061	0
0	5235	5195	5156	5118	5081	5045	5010	4976	4943	4911	4880	4848	4815	4781	4746	4710	4673	4635	4596	4556	4515	4473	4430	4386	4341	4295	4248	4200	4151	4101	4050	3998	3946	3894	3842	3790	3738	3686	3634	3582	3530	3478	3426	3374	3322	3270	3218	3166	3114	3062	3010	0
0	5196	5157	5119	5082	5046	5011	4977	4944	4912	4881	4849	4816	4782	4747	4711	4674	4636	4597	4557	4516	4474	4431	4387	4342	4296	4249	4201	4152	4102	4051	3999	3947	3895	3843	3791	3739	3687	3635	3583	3531	3479	3427	3375	3323	3271	3219	3167	3115	3063	3011	2959	0
0	5158	5120	5083	5047	5012	4978	4945	4913	4882	4850	4817	4783	4748	4712	4675	4637	4598	4558	4517	4475	4432	4388	4343	4297	4250	4202	4153	4103	4052	4000	3948	3896	3844	3792	3740	3688	3636	3584	3532	3480	3428	3376	3324	3272	3220	3168	3116	3064	3012	2960	2908	0
0	5121	5084	5048	5013	4979	4946	4914	4883	4851	4818	4784	4749	4713	4676	4638	4599	4559	4518	4476	4433	4389	4344	4298	4251	4203	4154	4104	4053	4001	3949	3897	3845	3793	3741	3689	3637	3585	3533	3481	3429	3377	3325	3273	3221	3169	3117	3065	3013	2961	2909	2857	0
0	5085	5049	5014	4980	4947	4915	4884	4852	4819	4785	4750	4714	4677	4639	4600	4560	4519	4477	4434	4390	4345	4299	4252	4204	4155	4105	4054	4002	3950	3898	3846	3794	3742	3690	3638	3586	3534	3482	3430	3378	3326	3274	3222	3170	3118	3066	3014	2962	2910	2858	2806	0
0	5050	5015	4981	4948	4916	4885	4853	4820	4786	4751	4715	4678	4640	4601	4561	4520	4478	4435	4391	4346	4300	4253	4205	4156	4106	4055	4003	3951	3899	3847	3795	3743	3691	3639	3587	3535	3483	3431	3379	3327	3275	3223	3171	3119	3067	3015	2963	2911	2859	2807	2755	0
0	5016	4982	4949	4917	4886	4854	4821	4787	4752	4716	4679	4641	4602	4562	4521	4479	4436	4392	4347	4301	4254	4206	4157	4107	4056	4004	3952	3900	3848	3796	3744	3692	3640	3588	3536	3484	3432	3380	3328	3276	3224	3172	3120	3068	3016	2964	2912	2860	2808	2756	2704	0
0	4983	4950	4918	4887	4855	4822	4788	4753	4717	4680	4642	4603	4563	4522	4480	4437	4393	4348	4302	4255	4207	4158	4108	4057	4005	3953	3901	3849	3797	3745	3693	3641	3589	3537	3485	3433	3381	3329	3277	3225	3173	3121	3069	3017	2965	2913	2861	2809	2757	2705	2653	0
0	4951	4919	4888	4856	4823	4789	4754	4718	4681	4643	4604	4564	4523	4481	4438	4394	4349	4303	4256	4208	4159	4109	4058	4006	3954	3902	3850	3798	3746	3694	3642	3590	3538	3486	3434	3382	3330	3278	3226	3174	3122	3070	3018	2966	2914	2862	2810	2758	2706	2654	2602	0
0	4920	4889	4857	4824	4790	4755	4719	4682	4644	4605	4565	4524	4482	4439	4395	4350	4304	4257	4209	4160	4110	4059	4007	3955	3903	3851	3799	3747	3695	3643	3591	3539	3487	3435	3383	3331	3279	3227	3175	3123	3071	3019	2967	2915	2863	2811	2759	2707	2655	2603	2551	0
0	4890	4858	4825	4791	4756	4720	4683	4645	4606	4566	4525	4483	4440	4396	4351	4305	4258	4210	4161	4111	4060	4008	3956	3904	3852	3800	3748	3696	3644	3592	3540	3488	3436	3384	3332	3280	3228	3176	3124	3072	3020	2968	2916	2864	2812	2760	2708	2656	2604	2552	2500	0
0	4859	4826	4792	4757	4721	4684	4646	4607	4567	4526	4484	4441	4397	4352	4306	4259	4211	4162	4112	4061	4009	3957	3905	3853	3801	3749	3697	3645	3593	3541	3489	3437	3385	3333	3281	3229	3177	3125	3073	3021	2969	2917	2865	2813	2761	2709	2657	2605	2553	2501	2449	0
0	4827	4793	4758	4722	4685	4647	4608	4568	4527	4485	4442	4398	4353	4307	4260	4212	4163	4113	4062	4010	3958	3906	3854	3802	3750	3698	3646	3594	3542	3490	3438	3386	3334	3282	3230	3178	3126	3074	3022	2970	2918	2866	2814	2762	2710	2658	2606	2554	2502	2450	2398	0
0	4794	4759	4723	4686	4648	4609	4569	4528	4486	4443	4399	4354	4308	4261	4213	4164	4114	4063	4011	3959	3907	3855	3803	3751	3699	3647	3595	3543	3491	3439	3387	3335	3283	3231	3179	3127	3075	3023	2971	2919	2867	2815	2763	2711	2659	2607	2555	2503	2451	2399	2347	0
0	4760	4724	4687	4649	4610	4570	4529	4487	4444	4400	4355	4309	4262	4214	4165	4115	4064	4012	3960	3908	3856	3804	3752	3700	3648	3596	3544	3492	3440	3388	3336	3284	3232	3180	3128	3076	3024	2972	2920	2868	2816	2764	2712	2660	2608	2556	2504	2452	2400	2348	2296	0
0	4725	4688	4650	4611	4571	4530	4488	4445	4401	4356	4310	4263	4215	4166	4116	4065	4013	3961	3909	3857	3805	3753	3701	3649	3597	3545	3493	3441	3389	3337	3285	3233	3181	3129	3077	3025	2973	2921	2869	2817	2765	2713	2661	2609	2557	2505	2453	2401	2349	2297	2245	0
0	4689	4651	4612	4572	4531	4489	4446	4402	4357	4311	4264	4216	4167	4117	4066	4014	3962	3910	3858	3806	3754	3702	3650	3598	3546	3494	3442	3390	3338	3286	3234	3182	3130	3078	3026	2974	2922	2870	2818	2766	2714	2662	2610	2558	2506	2454	2402	2350	2298	2246	2194	0
0	4652	4613	4573	4532	4490	4447	4403	4358	4312	4265	4217	4168	4118	4067	4015	3963	3911	3859	3807	3755	3703	3651	3599	3547	3495	3443	3391	3339	3287	3235	3183	3131	3079	3027	2975	2923	2871	2819	2767	2715	2663	2611	2559	2507	2455	2403	2351	2299	2247	2195	2143	0
0	4614	4574	4533	4491	4448	4404	4359	4313	4266	4218	4169	4119	4068	4016	3964	3912	3860	3808	3756	3704	3652	3600	3548	3496	3444	3392	3340	3288	3236	3184	3132	3080	3028	2976	2924	2872	2820	2768	2716	2664	2612	2560	2508	2456	2404	2352	2300	2248	2196	2144	2092	0
0	4575	4534	4492	4449	4405	4360	4314	4267	4219	4170	4120	4069	4017	3965	3913	3861	3809	3757	3705	3653	3601	3549	3497	3445	3393	3341	3289	3237	3185	3133	3081	3029	2977	2925	2873	2821	2769	2717	2665	2613	2561	2509	2457	2405	2353	2301	2249	2197	2145	2093	2041	0
0	4535	4493	4450	4406	4361	4315	4268	4220	4171	4121	4070	4018	3966	3914	3862	3810	3758	3706	3654	3602	3550	3498	3446	3394	3342	3290	3238	3186	3134	3082	3030	2978	2926	2874	2822	2770	2718	2666	2614	2562	2510	2458	2406	2354	2302	2250	2198	2146	2094	2042	1990	0
0	4494	4451	4407	4362	4316	4269	4221	4172	4122	4071	4019	3967	3915	3863	3811	3759	3707	3655	3603	3551	3499	3447	3395	3343	3291	3239	3187	3135	3083	3031	2979	2927	2875	2823	2771	2719	2667	2615	2563	2511	2459	2407	2355	2303	2251	2199	2147	2095	2043	1991	1939	0
0	4452	4408	4363	4317	4270	4222	4173	4123	4072	4020	3968	3916	3864	3812	3760	3708	3656	3604	3552	3500	3448	3396	3344	3292	3240	3188	3136	3084	3032	2980	2928	2876	2824	2772	2720	2668	2616	2564	2512	2460	2408	2356	2304	2252	2200	2148	2096	2044	1992	1940	1888	0
0	4409	4364	4318	4271	4223	4174	4124	4073	4021	3969	3917	3865	3813	3761	3709	3657	3605	3553	3501	3449	3397	3345	3293	3241	3189	3137	3085	3033	2981	2929	2877	2825	2773	2721	2669	2617	2565	2513	2461	2409	2357	2305	2253	2201	2149	2097	2045	1993	1941	1889	1837	0
0	4365	4319	4272	4224	4175	4125	4074	4022	3970	3918	3866	3814	3762	3710	3658	3606	3554	3502	3450	3398	3346	3294	3242	3190	3138	3086	3034	2982	2930	2878	2826	2774	2722	2670	2618	2566	2514	2462	2410	2358	2306	2254	2202	2150	2098	2046	1994	1942	1890	1838	1786	0
0	4320	4273	4225	4176	4126	4075	4023	3971	3919	3867	3815	3763	3711	3659	3607	3555	3503	3451	3399	3347	3295	3243	3191	3139	3087	3035	2983	2931	2879	2827	2775	2723	2671	2619	2567	2515	2463	2411	2359	2307	2255	2203	2151	2099	2047	1995	1943	1891	1839	1787	1735	0
0	4274	4226	4177	4127	4076	4024	3972	3920	3868	3816	3764	3712	3660	3608	3556	3504	3452	3400	3348	3296	3244	3192	3140	3088	3036	2984	2932	2880	2828	2776	2724	2672	2620	2568	2516	2464	2412	2360	2308	2256	2204	2152	2100	2048	1996	1944	1892	1840	1788	1736	1684	0
0	4227	4178	4128	4077	4025	3973	3921	3869	3817	3765	3713	3661	3609	3557	3505	3453	3401	3349	3297	3245	3193	3141	3089	3037	2985	2933	2881	2829	2777	2725	2673	2621	2569	2517	2465	2413	2361	2309	2257	2205	2153	2101	2049	1997	1945	1893	1841	1789	1737	1685	1633	0
0	4179	4129	4078	4026	3974	3922	3870	3818	3766	3714	3662	3610	3558	3506	3454	3402	3350	3298	3246	3194	3142	3090	3038	2986	2934	2882	2830	2778	2726	2674	2622	2570	2518	2466	2414	2362	2310	2258	2206	2154	2102	2050	1998	1946	1894	1842	1790	1738	1686	1634	1582	0
0	4130	4079	4027	3975	3923	3871	3819	3767	3715	3663	3611	3559	3507	3455	3403	3351	3299	3247	3195	3143	3091	3039	2987	2935	2883	2831	2779	2727	2675	2623	2571	2519	2467	2415	2363	2311	2259	2207	2155	2103	2051	1999	1947	1895	1843	1791	1739	1687	1635	1583	1531	0
0	4080	4028	3976	3924	3872	3820	3768	3716	3664	3612	3560	3508	3456	3404	3352	3300	3248	3196	3144	3092	3040	2988	2936	2884	2832	2780	2728	2676	2624	2572	2520	2468	2416	2364	2312	2260	2208	2156	2104	2052	2000	1948	1896	1844	1792	1740	1688	1636	1584	1532	1480	0
0	4029	3977	3925	3873	3821	3769	3717	3665	3613	3561	3509	3457	3405	3353	3301	3249	3197	3145	3093	3041	2989	2937	2885	2833	2781	2729	2677	2625	2573	2521	2469	2417	2365	2313	2261	2209	2157	2105	2053	2001	1949	1897	1845	1793	1741	1689	1637	1585	1533	1481	1429	0
0	3978	3926	3874	3822	3770	3718	3666	3614	3562	3510	3458	3406	3354	3302	3250	3198	3146	3094	3042	2990	2938	2886	2834	2782	2730	2678	2626	2574	2522	2470	2418	2366	2314	2262	2210	2158	2106	2054	2002	1950	1898	1846	1794	1742	1690	1638	1586	1534	1482	1430	1378	0
0	3927	3875	3823	3771	3719	3667	3615	3563	3511	3459	3407	3355	3303	3251	3199	3147	3095	3043	2991	2939	2887	2835	2783	2731	2679	2627	2575	2523	2471	2419	2367	2315	2263	2211	2159	2107	2055	2003	1951	1899	1847	1795	1743	1691	1639	1587	1535	1483	1431	1379	1327	0
0	3876	3824	3772	3720	3668	3616	3564	3512	3460	3408	3356	3304	3252	3200	3148	3096	3044	2992	2940	2888	2836	2784	2732	2680	2628	2576	2524	2472	2420	2368	2316	2264	2212	2160	2108	2056	2004	1952	1900	1848	1796	1744	1692	1640	1588	1536	1484	1432	1380	1328	1276	0
0	3825	3773	3721	3669	3617	3565	3513	3461	3409	3357	3305	3253	3201	3149	3097	3045	2993	2941	2889	2837	2785	2733	2681	2629	2577	2525	2473	2421	2369	2317	2265	2213	2161	2109	2057	2005	1953	1901	1849	1797	1745	1693	1641	1589	1537	1485	1433	1381	1329	1277	1226	0
0	3774	3722	3670	3618	3566	3514	3462	3410	3358	3306	3254	3202	3150	3098	3046	2994	2942	2890	2838	2786	2734	2682	2630	2578	2526	2474	2422	2370	2318	2266	2214	2162	2110	2058	2006	1954	1902	1850	1798	1746	1694	1642	1590	1538	1486	1434	1382	1330	1278	1227	1177	0
0	3723	3671	3619	3567	3515	3463	3411	3359	3307	3255	3203	3151	3099	3047	2995	2943	2891	2839	2787	2735	2683	2631	2579	2527	2475	2423	2371	2319	2267	2215	2163	2111	2059	2007	1955	1903	1851	1799	1747	1695	1643	1591	1539	1487	1435	1383	1331	1279	1228	1178	1129	0
0	3672	3620	3568	3516	3464	3412	3360	3308	3256	3204	3152	3100	3048	2996	2944	2892	2840	2788	2736	2684	2632	2580	2528	2476	2424	2372	2320	2268	2216	2164	2112	2060	2008	1956	1904	1852	1800	1748	1696	1644	1592	1540	1488	1436	1384	1332	1280	1229	1179	1130	1082	0
0	3621	3569	3517	3465	3413	3361	3309	3257	3205	3153	3101	3049	2997	2945	2893	2841	2789	2737	2685	2633	2581	2529	2477	2425	2373	2321	2269	2217	2165	2113	2061	2009	1957	1905	1853	1801	1749	1697	1645	1593	1541	1489	1437	1385	1333	1281	1230	1180	1131	1083	1036	0
0	3570	3518	3466	3414	3362	3310	3258	3206	3154	3102	3050	2998	2946	2894	2842	2790	2738	2686	2634	2582	2530	2478	2426	2374	2322	2270	2218	2166	2114	2062	2010	1958	1906	1854	1802	1750	1698	1646	1594	1542	1490	1438	1386	1334	1282	1231	1181	1132	1084	1037	991	0
0	3519	3467	3415	3363	3311	3259	3207	3155	3103	3051	2999	2947	2895	2843	2791	2739	2687	2635	2583	2531	2479	2427	2375	2323	2271	2219	2167	2115	2063	2011	1959	1907	1855	1803	1751	1699	1647	1595	1543	1491	1439	1387	1335	1283	1232	1182	1133	1085	1038	992	947	0
0	3468	3416	3364	3312	3260	3208	3156	3104	3052	3000	2948	2896	2844	2792	2740	2688	2636	2584	2532	2480	2428	2376	2324	2272	2220	2168	2116	2064	2012	1960	1908	1856	1804	1752	1700	1648	1596	1544	1492	1440	1388	1336	1284	1233	1183	1134	1086	1039	993	948	904	0
0	3417	3365	3313	3261	3209	3157	3105	3053	3001	2949	2897	2845	2793	2741	2689	2637	2585	2533	2481	2429	2377	2325	2273	2221	2169	2117	2065	2013	1961	1909	1857	1805	1753	1701	1649	1597	1545	1493	1441	1389	1337	1285	1234	1184	1135	1087	1040	994	949	905	862	0
0	3366	3314	3262	3210	3158	3106	3054	3002	2950	2898	2846	2794	2742	2690	2638	2586	2534	2482	2430	2378	2326	2274	2222	2170	2118	2066	2014	1962	1910	1858	1806	1754	1702	1650	1598	1546	1494	1442	1390	1338	1286	1235	1185	1136	1088	1041	995	950	906	863	821	0
0	3315	3263	3211	3159	3107	3055	3003	2951	2899	2847	2795	2743	2691	2639	2587	2535	2483	2431	2379	2327	2275	2223	2171	2119	2067	2015	1963	1911	1859	1807	1755	1703	1651	1599	1547	1495	1443	1391	1339	1287	1236	1186	1137	1089	1042	996	951	907	864	822	781	0
0	3264	3212	3160	3108	3056	3004	2952	2900	2848	2796	2744	2692	2640	2588	2536	2484	2432	2380	2328	2276	2224	2172	2120	2068	2016	1964	1912	1860	1808	1756	1704	1652	1600	1548	1496	1444	1392	1340	1288	1237	1187	1138	1090	1043	997	952	908	865	823	782	742	0
0	3213	3161	3109	3057	3005	2953	2901	2849	2797	2745	2693	2641	2589	2537	2485	2433	2381	2329	2277	2225	2173	2121	2069	2017	1965	1913	1861	1809	1757	1705	1653	1601	1549	1497	1445	1393	1341	1289	1238	1188	1139	1091	1044	998	953	909	866	824	783	743	704	0
0	3162	3110	3058	3006	2954	2902	2850	2798	2746	2694	2642	2590	2538	2486	2434	2382	2330	2278	2226	2174	2122	2070	2018	1966	1914	1862	1810	1758	1706	1654	1602	1550	1498	1446	1394	1342	1290	1239	1189	1140	1092	1045	999	954	910	867	825	784	744	705	667	0
0	3111	3059	3007	2955	2903	2851	2799	2747	2695	2643	2591	2539	2487	2435	2383	2331	2279	2227	2175	2123	2071	2019	1967	1915	1863	1811	1759	1707	1655	1603	1551	1499	1447	1395	1343	1291	1240	1190	1141	1093	1046	1000	955	911	868	826	785	745	706	668	631	0
0	3060	3008	2956	2904	2852	2800	2748	2696	2644	2592	2540	2488	2436	2384	2332	2280	2228	2176	2124	2072	2020	1968	1916	1864	1812	1760	1708	1656	1604	1552	1500	1448	1396	1344	1292	1241	1191	1142	1094	1047	1001	956	912	869	827	786	746	707	669	632	596	0
0	3009	2957	2905	2853	2801	2749	2697	2645	2593	2541	2489	2437	2385	2333	2281	2229	2177	2125	2073	2021	1969	1917	1865	1813	1761	1709	1657	1605	1553	1501	1449	1397	1345	1293	1242	1192	1143	1095	1048	1002	957	913	870	828	787	747	708	670	633	597	562	0
0	2958	2906	2854	2802	2750	2698	2646	2594	2542	2490	2438	2386	2334	2282	2230	2178	2126	2074	2022	1970	1918	1866	1814	1762	1710	1658	1606	1554	1502	1450	1398	1346	1294	1243	1193	1144	1096	1049	1003	958	914	871	829	788	748	709	671	634	598	563	529	0
0	2907	2855	2803	2751	2699	2647	2595	2543	2491	2439	2387	2335	2283	2231	2179	2127	2075	2023	1971	1919	1867	1815	1763	1711	1659	1607	1555	1503	1451	1399	1347	1295	1244	1194	1145	1097	1050	1004	959	915	872	830	789	749	710	672	635	599	564	530	497	0
0	2856	2804	2752	2700	2648	2596	2544	2492	2440	2388	2336	2284	2232	2180	2128	2076	2024	1972	1920	1868	1816	1764	1712	1660	1608	1556	1504	1452	1400	1348	1296	1245	1195	1146	1098	1051	1005	960	916	873	831	790	750	711	673	636	600	565	531	498	466	0
0	2805	2753	2701	2649	2597	2545	2493	2441	2389	2337	2285	2233	2181	2129	2077	2025	1973	1921	1869	1817	1765	1713	1661	1609	1557	1505	1453	1401	1349	1297	1246	1196	1147	1099	1052	1006	961	917	874	832	791	751	712	674	637	601	566	532	499	467	436	0
0	2754	2702	2650	2598	2546	2494	2442	2390	2338	2286	2234	2182	2130	2078	2026	1974	1922	1870	1818	1766	1714	1662	1610	1558	1506	1454	1402	1350	1298	1247	1197	1148	1100	1053	1007	962	918	875	833	792	752	713	675	638	602	567	533	500	468	437	407	0
0	2703	2651	2599	2547	2495	2443	2391	2339	2287	2235	2183	2131	2079	2027	1975	1923	1871	1819	1767	1715	1663	1611	1559	1507	1455	1403	1351	1299	1248	1198	1149	1101	1054	1008	963	919	876	834	793	753	714	676	639	603	568	534	501	469	438	408	379	0
0	2652	2600	2548	2496	2444	2392	2340	2288	2236	2184	2132	2080	2028	1976	1924	1872	1820	1768	1716	1664	1612	1560	1508	1456	1404	1352	1300	1249	1199	1150	1102	1055	1009	964	920	877	835	794	754	715	677	640	604	569	535	502	470	439	409	380	352	0
0	2601	2549	2497	2445	2393	2341	2289	2237	2185	2133	2081	2029	1977	1925	1873	1821	1769	1717	1665	1613	1561	1509	1457	1405	1353	1301	1250	1200	1151	1103	1056	1010	965	921	878	836	795	755	716	678	641	605	570	536	503	471	440	410	381	353	326	0
0	2550	2498	2446	2394	2342	2290	2238	2186	2134	2082	2030	1978	1926	1874	1822	1770	1718	1666	1614	1562	1510	1458	1406	1354	1302	1251	1201	1152	1104	1057	1011	966	922	879	837	796	756	717	679	642	606	571	537	504	472	441	411	382	354	327	301	0
0	2499	2447	2395	2343	2291	2239	2187	2135	2083	2031	1979	1927	1875	1823	1771	1719	1667	1615	1563	1511	1459	1407	1355	1303	1252	1202	1153	1105	1058	1012	967	923	880	838	797	757	718	680	643	607	572	538	505	473	442	412	383	355	328	302	277	0
0	2448	2396	2344	2292	2240	2188	2136	2084	2032	1980	1928	1876	1824	1772	1720	1668	1616	1564	1512	1460	1408	1356	1304	1253	1203	1154	1106	1059	1013	968	924	881	839	798	758	719	681	644	608	573	539	506	474	443	413	384	356	329	303	278	254	0
0	2397	2345	2293	2241	2189	2137	2085	2033	1981	1929	1877	1825	1773	1721	1669	1617	1565	1513	1461	1409	1357	1305	1254	1204	1155	1107	1060	1014	969	925	882	840	799	759	720	682	645	609	574	540	507	475	444	414	385	357	330	304	279	255	232	0
0	2346	2294	2242	2190	2138	2086	2034	1982	1930	1878	1826	1774	1722	1670	1618	1566	1514	1462	1410	1358	1306	1255	1205	1156	1108	1061	1015	970	926	883	841	800	760	721	683	646	610	575	541	508	476	445	415	386	358	331	305	280	256	233	211	0
0	2295	2243	2191	2139	2087	2035	1983	1931	1879	1827	1775	1723	1671	1619	1567	1515	1463	1411	1359	1307	1256	1206	1157	1109	1062	1016	971	927	884	842	801	761	722	684	647	611	576	542	509	477	446	416	387	359	332	306	281	257	234	212	191	0
0	2244	2192	2140	2088	2036	1984	1932	1880	1828	1776	1724	1672	1620	1568	1516	1464	1412	1360	1308	1257	1207	1158	1110	1063	1017	972	928	885	843	802	762	723	685	648	612	577	543	510	478	447	417	388	360	333	307	282	258	235	213	192	172	0
0	2193	2141	2089	2037	1985	1933	1881	1829	1777	1725	1673	1621	1569	1517	1465	1413	1361	1309	1258	1208	1159	1111	1064	1018	973	929	886	844	803	763	724	686	649	613	578	544	511	479	448	418	389	361	334	308	283	259	236	214	193	173	154	0
0	2142	2090	2038	1986	1934	1882	1830	1778	1726	1674	1622	1570	1518	1466	1414	1362	1310	1259	1209	1160	1112	1065	1019	974	930	887	845	804	764	725	687	650	614	579	545	512	480	449	419	390	362	335	309	284	260	237	215	194	174	155	137	0
0	2091	2039	1987	1935	1883	1831	1779	1727	1675	1623	1571	1519	1467	1415	1363	1311	1260	1210	1161	1113	1066	1020	975	931	888	846	805	765	726	688	651	615	580	546	513	481	450	420	391	363	336	310	285	261	238	216	195	175	156	138	121	0
0	2040	1988	1936	1884	1832	1780	1728	1676	1624	1572	1520	1468	1416	1364	1312	1261	1211	1162	1114	1067	1021	976	932	889	847	806	766	727	689	652	616	581	547	514	482	451	421	392	364	337	311	286	262	239	217	196	176	157	139	122	106	0
0	1989	1937	1885	1833	1781	1729	1677	1625	1573	1521	1469	1417	1365	1313	1262	1212	1163	1115	1068	1022	977	933	890	848	807	767	728	690	653	617	582	548	515	483	452	422	393	365	338	312	287	263	240	218	197	177	158	140	123	107	92	0
0	1938	1886	1834	1782	1730	1678	1626	1574	1522	1470	1418	1366	1314	1263	1213	1164	1116	1069	1023	978	934	891	849	808	768	729	691	654	618	583	549	516	484	453	423	394	366	339	313	288	264	241	219	198	178	159	141	124	108	93	79	0
0	1887	1835	1783	1731	1679	1627	1575	1523	1471	1419	1367	1315	1264	1214	1165	1117	1070	1024	979	935	892	850	809	769	730	692	655	619	584	550	517	485	454	424	395	367	340	314	289	265	242	220	199	179	160	142	125	109	94	80	67	0
0	1836	1784	1732	1680	1628	1576	1524	1472	1420	1368	1316	1265	1215	1166	1118	1071	1025	980	936	893	851	810	770	731	693	656	620	585	551	518	486	455	425	396	368	341	315	290	266	243	221	200	180	161	143	126	110	95	81	68	56	0
0	1785	1733	1681	1629	1577	1525	1473	1421	1369	1317	1266	1216	1167	1119	1072	1026	981	937	894	852	811	771	732	694	657	621	586	552	519	487	456	426	397	369	342	316	291	267	244	222	201	181	162	144	127	111	96	82	69	57	46	0
0	1734	1682	1630	1578	1526	1474	1422	1370	1318	1267	1217	1168	1120	1073	1027	982	938	895	853	812	772	733	695	658	622	587	553	520	488	457	427	398	370	343	317	292	268	245	223	202	182	163	145	128	112	97	83	70	58	47	37	0
0	1683	1631	1579	1527	1475	1423	1371	1319	1268	1218	1169	1121	1074	1028	983	939	896	854	813	773	734	696	659	623	588	554	521	489	458	428	399	371	344	318	293	269	246	224	203	183	164	146	129	113	98	84	71	59	48	38	29	0
0	1632	1580	1528	1476	1424	1372	1320	1269	1219	1170	1122	1075	1029	984	940	897	855	814	774	735	697	660	624	589	555	522	490	459	429	400	372	345	319	294	270	247	225	204	184	165	147	130	114	99	85	72	60	49	39	30	22	0
0	1581	1529	1477	1425	1373	1321	1270	1220	1171	1123	1076	1030	985	941	898	856	815	775	736	698	661	625	590	556	523	491	460	430	401	373	346	320	295	271	248	226	205	185	166	148	131	115	100	86	73	61	50	40	31	23	16	0
0	1530	1478	1426	1374	1322	1271	1221	1172	1124	1077	1031	986	942	899	857	816	776	737	699	662	626	591	557	524	492	461	431	402	374	347	321	296	272	249	227	206	186	167	149	132	116	101	87	74	62	51	41	32	24	17	11	0
0	1479	1427	1375	1323	1272	1222	1173	1125	1078	1032	987	943	900	858	817	777	738	700	663	627	592	558	525	493	462	432	403	375	348	322	297	273	250	228	207	187	168	150	133	117	102	88	75	63	52	42	33	25	18	12	7	0
0	1428	1376	1324	1273	1223	1174	1126	1079	1033	988	944	901	859	818	778	739	701	664	628	593	559	526	494	463	433	404	376	349	323	298	274	251	229	208	188	169	151	134	118	103	89	76	64	53	43	34	26	19	13	8	4	0
0	1377	1325	1274	1224	1175	1127	1080	1034	989	945	902	860	819	779	740	702	665	629	594	560	527	495	464	434	405	377	350	324	299	275	252	230	209	189	170	152	135	119	104	90	77	65	54	44	35	27	20	14	9	5	2	0
0	1326	1275	1225	1176	1128	1081	1035	990	946	903	861	820	780	741	703	666	630	595	561	528	496	465	435	406	378	351	325	300	276	253	231	210	190	171	153	136	120	105	91	78	66	55	45	36	28	21	15	10	6	3	1	0
0	0	0	0	0	0	0	0	0	0	0	0	0	0	0	0	0	0	0	0	0	0	0	0	0	0	0	0	0	0	0	0	0	0	0	0	0	0	0	0	0	0	0	0	0	0	0	0	0	0	0	0	0
